2.107421875
-12.224609375
.640625
.7265625
-4.185546875
3.921875
-5.2421875
2.275390625
2.3671875
1.0078125
1.15625
1.087890625
.923828125
-.08203125
1.5625
1.1484375
-1.228515625
2.400390625
.564453125
.45703125
.53515625
.22265625
3.994140625
2.361328125
-.091796875
1.591796875
.86328125
-.060546875
-1.931640625
.8984375
2.08984375
1.80078125
.8828125
3.0078125
.56640625
1.330078125
.34765625
2.166015625
1.064453125
1.08203125
.83203125
1.05859375
2.369140625
.990234375
1.19921875
1.9296875
-.494140625
.83203125
.724609375
.3359375
.6796875
6.8046875
1.6015625
-.19921875
.341796875
2.591796875
1.82421875
5.755859375
.947265625
1.99609375
6.703125
1.05078125
.53515625
1.423828125
-.505859375
3.791015625
.447265625
.861328125
1.056640625
-1.07421875
-.181640625
1.642578125
.33203125
2.5859375
1.46875
3.599609375
2.2578125
6.80859375
1.560546875
.900390625
-.970703125
2.32421875
.193359375
-9.720703125
.783203125
2.623046875
2.79296875
-.3671875
.455078125
1.19921875
2.943359375
2.857421875
-.025390625
1.615234375
1.904296875
.587890625
4.65625
.421875
-.05078125
.140625
4.30859375
-.939453125
.578125
-1.0546875
.35546875
4.310546875
.39453125
2.177734375
-1.435546875
-4.384765625
1.44140625
-.265625
.650390625
3.7578125
3.123046875
.490234375
-.142578125
.8671875
1.11328125
1.599609375
.798828125
-.59765625
.259765625
.052734375
-2.455078125
.0390625
-.080078125
3.591796875
1.37109375
.39453125
.53125
.791015625
2.720703125
-4.2109375
-7.00390625
.712890625
-.373046875
-.78125
.58203125
-.5625
.541015625
-.251953125
1.236328125
.732421875
-.4453125
-.341796875
.171875
-.869140625
-1.73046875
2.59375
1.001953125
2.587890625
.0625
.7421875
.3046875
.130859375
1.943359375
-.244140625
-1.888671875
2.447265625
-.251953125
2.4765625
-.11328125
.78125
-.228515625
-2.15234375
-.646484375
3.20703125
-.04296875
.32421875
-.4921875
-2.09375
-4.78515625
-2.18359375
-.7265625
-.107421875
.318359375
-.876953125
-.2421875
-2.703125
-.517578125
.0546875
-3.603515625
.681640625
.80859375
.85546875
-.166015625
-4.21484375
.681640625
-.171875
-1.11328125
1.73828125
-.193359375
1.169921875
-1.857421875
-.58984375
.50390625
3.60546875
-.94140625
-1.66015625
.55078125
-.716796875
-.796875
-.525390625
.07421875
2.748046875
1.3984375
-1.396484375
-.58203125
-1.859375
2.59375
1.392578125
.44921875
-4.98046875
-.767578125
-.8125
1.841796875
2.62109375
.916015625
.5703125
.89453125
-1.736328125
-.47265625
.62890625
1.287109375
-.94921875
.58203125
1.060546875
-.912109375
-6.646484375
.12109375
-.0390625
.24609375
.978515625
1.8515625
1.400390625
-.220703125
1.015625
2.041015625
2.62109375
-.36328125
-.943359375
1.619140625
-.51171875
.01171875
-2.171875
-.025390625
1.271484375
-1.103515625
-1.75390625
-.9375
-2.193359375
1.078125
-.9609375
-.56640625
-.296875
-.75
-.59375
-.826171875
-1.091796875
1.421875
-.345703125
.2265625
.87890625
-3.306640625
-.326171875
-1.423828125
-.681640625
-1.85546875
-.314453125
-1.189453125
1.5234375
-1.072265625
-1.57421875
.216796875
.6953125
.06640625
-1.419921875
1.6484375
-.447265625
1.9609375
.31640625
-1.814453125
-.92578125
-.55859375
.154296875
-.880859375
.552734375
-.169921875
-.328125
-.35546875
-.421875
-1.3203125
-.54296875
.228515625
-.3046875
-.11328125
-.728515625
-1.40625
-.587890625
-.8671875
-.916015625
-5.724609375
-.837890625
.541015625
-1.11328125
-.5546875
-.982421875
-.09375
-.337890625
-1.81640625
-1.275390625
-.67578125
-3.865234375
-.318359375
-2.50390625
-.59375
-.197265625
.13671875
-.80859375
-.21875
.30078125
.841796875
-.666015625
-.47265625
-.640625
-.02734375
1.78125
.12890625
-.083984375
-.22265625
-.861328125
-.39453125
-.13671875
1.9140625
-1.087890625
-1.9765625
-1.669921875
.189453125
-.095703125
-.814453125
.412109375
-.91796875
.07421875
.02734375
-.044921875
.48828125
-.28125
.91796875
1.44921875
-.677734375
-1.5859375
.181640625
-.37109375
.091796875
1.50390625
.8125
-4.5859375
-.880859375
.318359375
-.11328125
.470703125
-.466796875
-.169921875
-1.375
-.224609375
.078125
1.60546875
-.39453125
.470703125
.2890625
.064453125
-.3046875
-.1015625
-1.076171875
-1.435546875
-.05859375
-.80078125
-.314453125
-.681640625
.6875
-1.525390625
-1.044921875
-5.37890625
.607421875
-.30078125
-.595703125
-1.72265625
-1.21484375
.724609375
.9765625
-.3359375
-.26171875
.03125
.849609375
-.75
-.134765625
-1.478515625
-.33984375
-3.138671875
-.58203125
.298828125
.267578125
-1.55078125
.634765625
.173828125
-.212890625
.404296875
-.09765625
.142578125
.279296875
-2.220703125
-.306640625
.19140625
.611328125
.95703125
-1.0234375
-.515625
-.86328125
-.626953125
.173828125
-1.255859375
-1.107421875
.349609375
-1.09375
-.95703125
-.5
.388671875
.033203125
.90625
-.2890625
-.71484375
-.486328125
-1.705078125
-.984375
-.216796875
.767578125
-1.029296875
.49609375
-.041015625
-1.626953125
.328125
-.076171875
.97265625
-.8125
-1.388671875
-1.548828125
-.228515625
1.236328125
.732421875
.0390625
.466796875
.3359375
-.107421875
1.193359375
-.212890625
1.095703125
.3359375
-1.796875
-.013671875
.490234375
.47265625
-.515625
-.05859375
-.384765625
.984375
1.435546875
.73828125
-2.046875
.96875
-.130859375
.029296875
-.744140625
-.287109375
-.482421875
.12890625
1.236328125
.244140625
.408203125
-2.236328125
.2890625
-.95703125
.38671875
-.17578125
-.337890625
1.4921875
-2.78515625
-1.4765625
.650390625
-.208984375
.037109375
.603515625
-.216796875
-.2734375
-.314453125
-.986328125
-1.896484375
-.9296875
-.361328125
-.5078125
-1.19140625
-2.6640625
-.33203125
-.4375
-.41015625
-1.13671875
-.44140625
-1.169921875
-.73828125
-1.525390625
-1.439453125
-.041015625
-1.369140625
-.595703125
-.3125
-.7578125
-.0234375
-.388671875
-1.24609375
-.9453125
-.763671875
-1.275390625
-.9765625
-1.4921875
.103515625
-.880859375
-.65625
-1.478515625
-2.107421875
-1.662109375
-.41015625
-2
-.8984375
-1.384765625
-1.5625
-1.775390625
-1.603515625
-1.4296875
.2109375
-1.47265625
-.4375
-.265625
-1.310546875
-1.513671875
-1.04296875
-.458984375
-.97265625
-1.650390625
-.646484375
-.74609375
-2.0703125
-1.69921875
-.5859375
-1.130859375
.046875
-1.529296875
-.40234375
-1.669921875
-.984375
.025390625
-2.8984375
-.65625
-.77734375
-1.111328125
-.79296875
-.681640625
-1.470703125
-1.927734375
-.97265625
.23046875
-.8828125
-2.333984375
-.345703125
-.87890625
-1.103515625
-.537109375
-.734375
-.947265625
-2.451171875
-1.49609375
-.291015625
-1.828125
-2.7109375
-.369140625
-.89453125
-.650390625
-.63671875
-1.337890625
-.05078125
-.84765625
-1.38671875
-1.666015625
-.1640625
-.8359375
-1.705078125
-.828125
-1.646484375
-1.7421875
-1.125
-.884765625
-.677734375
.009765625
-.71484375
-1.28515625
-1.3828125
-1.212890625
-.333984375
-1.23828125
-.8359375
-1.416015625
-.4140625
-1.916015625
-.818359375
-.79296875
-.4296875
-.892578125
-.912109375
-1.703125
-2.0546875
-.44140625
-1.099609375
-2.423828125
-1.685546875
-.712890625
-.330078125
-2.154296875
-1.111328125
-1.009765625
-.7265625
-2.330078125
-1.291015625
-.796875
-.732421875
-.8125
-.447265625
-1.693359375
-1.3671875
-.310546875
-2.017578125
-1.435546875
-.017578125
-.306640625
-1.658203125
-1.984375
-1.41796875
-1.27734375
-.734375
-1.3203125
-2.65625
-2.076171875
-.939453125
-.3203125
-1.44921875
-2.5625
-1.25
-.662109375
-1.89453125
-1.126953125
-.017578125
-1.00390625
-1.462890625
-1.6796875
.03515625
-.560546875
-4.78515625
-.7890625
-1.498046875
.072265625
-.76171875
-1.5390625
-1.15234375
-1.5859375
-1.396484375
-.896484375
.947265625
-1.294921875
-2.234375
-.990234375
-.501953125
-1.291015625
-2.806640625
-.4765625
-2.091796875
-1.65234375
-.640625
-.623046875
-2.537109375
-.802734375
-.64453125
-.763671875
-.98046875
-1.404296875
-.171875
-.515625
-2.232421875
-1.126953125
-1.958984375
-1.158203125
-2.984375
-1
-1.3046875
-1.166015625
-1.0546875
-2.1328125
-1.435546875
-1.517578125
-.9921875
-1.064453125
-.48828125
-.859375
-.810546875
-2.708984375
-1.0546875
-3.34375
-1.03515625
-1.171875
-1.408203125
-2.61328125
.375
-2.064453125
-.1015625
-.712890625
-1.537109375
-1.06640625
-1.728515625
-1.1953125
-1.427734375
-1.748046875
-1.0859375
-.712890625
-1.181640625
-1.6875
-.08984375
-.75390625
-.322265625
-.736328125
-1.46484375
-1.615234375
-1.330078125
-1.58984375
-1.2109375
-2.552734375
-.427734375
-.81640625
-1.015625
-.83984375
-1.189453125
-1.125
-1.095703125
-2.35546875
-.78515625
-2.375
-1.396484375
-2.4609375
-2.046875
-1.431640625
-2.05859375
-.091796875
-2.048828125
-2.76953125
-1.095703125
-1.66796875
-.728515625
-1.033203125
-.822265625
-.919921875
-1.869140625
-1.79296875
-2.009765625
-1.330078125
-.466796875
-1.01953125
-1.130859375
-1.078125
-.29296875
-1.21875
.623046875
-1.271484375
-.6015625
-.763671875
-.447265625
-.48046875
-.916015625
.400390625
-1.83984375
-1.203125
-1.46484375
-1.806640625
-2.466796875
-1.353515625
-1.138671875
-1.537109375
-1.083984375
.328125
-1.69921875
.0859375
-.884765625
-1.17578125
-1.962890625
-1.8203125
-.263671875
-.630859375
-.5703125
-1.236328125
-1.041015625
-1.232421875
-2.17578125
-1.302734375
-1.185546875
-1.43359375
-.890625
-1.248046875
-.98046875
-1.431640625
-.265625
-1.408203125
-.751953125
-.55859375
-.453125
-.1796875
-1.294921875
-.94921875
-1.265625
-.71875
-1.033203125
-.09765625
-.8515625
-1.193359375
-.642578125
-.5546875
-1.576171875
-1.140625
-1.5390625
-3.068359375
-.578125
-.84765625
-.400390625
-.203125
-.810546875
-.140625
-.150390625
-.76953125
-.703125
-1.927734375
-.83203125
-.271484375
-.76171875
-1.158203125
-1.53515625
-.158203125
-1.107421875
-.365234375
-.140625
-.91796875
-.794921875
-1.79296875
-.9140625
-1.984375
-.25390625
-1.232421875
-.619140625
-1.611328125
-1.27734375
-1.0703125
-1.62109375
-1.310546875
-.994140625
-.064453125
-1.390625
-2.830078125
-1.08984375
-1.51171875
-.52734375
-.517578125
-.017578125
-1.015625
-1.408203125
-.72265625
-1.677734375
-.205078125
-1.732421875
-1.166015625
-.51953125
-.185546875
-.435546875
-1.134765625
-1.0390625
-1.759765625
.333984375
-1.6015625
-.806640625
-.5
.80078125
-1.130859375
-1.20703125
-1.0625
-.71484375
-.54296875
-.39453125
-.736328125
-.173828125
-.78515625
-2.529296875
-1.32421875
-.12109375
-.6875
-1.712890625
-.650390625
-1.08203125
-.58203125
-.818359375
-.990234375
-.994140625
-1.068359375
-3.017578125
-.83984375
-3.6953125
-.197265625
-.44921875
-.353515625
-1.333984375
-1.75390625
-.677734375
-.34765625
-1.142578125
-2.982421875
-1.736328125
-.708984375
-1.1171875
.080078125
-1.384765625
-.306640625
-.962890625
-2.728515625
-2.814453125
-.955078125
-1.48046875
-.9375
-2.494140625
-2.462890625
-.10546875
-2.728515625
-1.09765625
-2.12890625
-.978515625
.455078125
-.2109375
-.912109375
-3.08984375
-1.97265625
-1.673828125
-1.439453125
-2.0234375
-1.111328125
-2.361328125
-1.154296875
-1.3984375
-.22265625
-1.486328125
-.556640625
-1.2109375
-.283203125
-1.00390625
-.474609375
-.83203125
-2.609375
-1.51953125
-.69921875
-1.93359375
-.927734375
-.765625
-2.341796875
-1.1015625
-1.234375
-.87890625
-1.248046875
-.83203125
-1.435546875
-.837890625
-1.658203125
-.189453125
-1.0078125
-1.8984375
-.83984375
-1.376953125
-.96484375
-2.29296875
-.71875
-1.43359375
-1.14453125
.486328125
-.890625
-1.419921875
-.298828125
-1.294921875
-.890625
-.3828125
-1.451171875
-.92578125
-1.888671875
-1.8046875
-2.162109375
-.2890625
.279296875
-.841796875
-.671875
-1.15234375
-.966796875
-4.29296875
.38671875
-.173828125
-1.30078125
-1.71875
-2.283203125
-2.158203125
-2.978515625
-2.49609375
-3.705078125
-1.9921875
-.3125
-2.865234375
-1.826171875
-1.388671875
-3.16796875
-2.451171875
-2.427734375
-1.875
-1.912109375
-4.015625
-3.81640625
-1.28125
-4.5625
-3.90234375
-1.138671875
-2.80859375
-1.27734375
-2.236328125
-.42578125
-1.552734375
-2.283203125
-3.5703125
-2.025390625
-1.390625
-3.0390625
-2.662109375
-3.052734375
-2.9453125
.171875
-3.384765625
-1.328125
-3.599609375
-1.369140625
-4.671875
-2.345703125
-3.201171875
-4.4609375
-2.1953125
-1.220703125
-1.27734375
-2.951171875
-1.03125
-3.71484375
-2.56640625
-2.0078125
-1.8359375
-3.314453125
-3.904296875
-3.52734375
-1.939453125
-2.623046875
-3.189453125
-1.923828125
-2.80859375
-2.60546875
-.359375
-1.34765625
.439453125
-3.052734375
-4.669921875
-2.669921875
-.908203125
-1.908203125
-1.0390625
-2.818359375
-3.236328125
-4.8828125
-1.6328125
-1.65234375
-2.994140625
-4.140625
-1.38671875
-1.90234375
-1.462890625
-2.314453125
.73828125
-1.80859375
-1.095703125
-2.326171875
-3.16015625
-1.728515625
-2.146484375
-3.60546875
-2.00390625
-3.111328125
-5.275390625
-1.466796875
-2.568359375
-1.93359375
-2.46484375
-1.5078125
.287109375
-1.4296875
-2.2890625
-5.95703125
-.88671875
-1.05859375
-1.865234375
-2.21875
-3.720703125
-4.783203125
-.798828125
-.306640625
-3.994140625
-5.201171875
-2.2265625
-1.57421875
-1.03125
-1.34765625
-2.681640625
-1.73828125
-.318359375
-.98828125
-3.548828125
-2.96484375
-2.28515625
-2.765625
-2.162109375
-1.23046875
-1.572265625
-4.380859375
-3.158203125
-3.56640625
-2.029296875
-.701171875
.005859375
-1.07421875
-2.931640625
-1.759765625
-4.224609375
-2.79296875
-2.341796875
-.984375
-2.84375
-.001953125
-2.771484375
-2.12890625
-1.146484375
-1.4609375
-2.177734375
-2.53515625
-1.68359375
-2.58203125
-3.748046875
-1.99609375
-3.4296875
-2.244140625
-2.912109375
-.36328125
-4.076171875
-1.125
-3.73828125
-4.94140625
-.73828125
-5.625
-.76171875
-3.228515625
-.736328125
-2.802734375
-2.1875
-.076171875
-1.462890625
-5.21875
-3.599609375
-1.208984375
-1.91796875
-4.2734375
-1.40625
-1.771484375
.27734375
-1.828125
-1.025390625
-.494140625
-.59765625
-.38671875
-2.916015625
-3.984375
-1.1171875
-3.03125
-1.82421875
-2.076171875
-4.53125
-.287109375
-3.025390625
-4.125
-2.228515625
-2.4296875
-2.732421875
-3.45703125
-2.306640625
-1.734375
-4.15625
-3.625
-2.89453125
-.822265625
-1.703125
-3.546875
-2.375
-1.88671875
-2.89453125
-.822265625
-3.265625
-2.10546875
-2.404296875
-2.81640625
-2.380859375
-1.294921875
-3.576171875
-2.546875
-2.884765625
-4.501953125
-4.36328125
-2.5390625
-4.337890625
-2.74609375
-2.77734375
-5.154296875
-1.564453125
-1.326171875
-.78125
-.12890625
-1.9375
-2.71484375
-1.931640625
-3.1640625
.49609375
-2.671875
-4.189453125
-3.1796875
-1.28515625
-2.47265625
-1.390625
-3.25390625
-1.080078125
-2.001953125
-.46875
-1.71875
-2.205078125
-1.9609375
-1.52734375
-1.51171875
-1.732421875
-1.51953125
-3.279296875
-4.203125
-1.787109375
-1.41015625
-1.515625
-1.591796875
-.419921875
-1.830078125
-1.12109375
-1.548828125
-.720703125
-2.251953125
-2.1640625
-2.72265625
-1.541015625
-2.1640625
-1.4609375
-3.333984375
-1.61328125
-1.0390625
-3.025390625
-3.294921875
-1.6953125
-1.8125
-.41015625
-3.251953125
-3.626953125
-3.505859375
-2.1640625
-2.650390625
-1.001953125
-2.900390625
-.8046875
-1.439453125
-3.962890625
-2.1953125
-2.484375
-.5703125
-1.91796875
-.3515625
1.048828125
-1.556640625
-2.630859375
-2.466796875
-1.16015625
-1.84375
-1.263671875
-1.60546875
-3.21875
.095703125
-.181640625
-3.154296875
-2.373046875
-2.35546875
-1.677734375
-2.359375
-1.24609375
-2.884765625
-2.927734375
-1.404296875
-1.076171875
-.12890625
-1.255859375
-1.279296875
-1.42578125
-1.00390625
-.64453125
-3.029296875
-.44140625
-3.345703125
-.697265625
-2.298828125
-2.873046875
-1.3125
-2.060546875
-3.509765625
-1.396484375
-3.1484375
-2.388671875
-3.49609375
-1.837890625
-3.185546875
-2.88671875
-3.5078125
-1.3203125
-.025390625
-1.765625
-2.265625
-3.046875
-1.697265625
-.66796875
-2.87890625
-2.935546875
-1.947265625
-2.994140625
-1.74609375
-2.30078125
-1.63671875
-1.7890625
.12890625
-2.18359375
-2.75390625
-1.107421875
-1.720703125
-2.1171875
-2.57421875
-.72265625
-2.580078125
-1.119140625
-2.29296875
-2.4765625
-3.73046875
-3.724609375
-1.595703125
-2.36328125
-3.62890625
-1.7265625
.068359375
-2.60546875
-3.76953125
-4.0234375
-1.61328125
-1.591796875
-3.150390625
-1.4453125
-2.513671875
-3.025390625
-.9609375
-.984375
-3.416015625
-.25
-.3359375
1.052734375
-2.060546875
-1.2734375
-3.1953125
-3.37890625
-.455078125
-5.283203125
-4.49609375
-1.06640625
-2.900390625
-1.064453125
-3.8671875
-1.876953125
-1.78515625
-2.33984375
-2.916015625
-3.732421875
-1.73046875
-2.552734375
-3.708984375
.185546875
-2.94921875
-4.53125
-3.189453125
.0078125
-3.9609375
-.42578125
-2.11328125
-2.484375
-1.49609375
-3.251953125
-2.97265625
-1.353515625
-2.29296875
-5.2421875
-.814453125
-4.60546875
-3.1171875
-.87890625
-.716796875
-.451171875
-2.501953125
-4.3046875
-2.39453125
-1.154296875
-2.25
-1.40234375
-1.08984375
-3.8828125
-1.185546875
-3.548828125
.1015625
-1.3046875
-2.326171875
-2.0390625
-2.451171875
-2.21875
-2.59375
-.47265625
-2.009765625
-1.87109375
-2.828125
-3.03515625
-2.095703125
-.884765625
-1.67578125
-1.40234375
-3.68359375
-1.291015625
-4.3671875
-1.79296875
-1.958984375
-1.06640625
-.9296875
-4.32421875
-3.501953125
-2.3828125
-2.634765625
-1.7265625
-.19921875
-2.07421875
-2.837890625
-2.5703125
-2.515625
-2.82421875
-2.21484375
-2.779296875
-3.474609375
-2.03515625
-3.4140625
-1.310546875
-1.55859375
-1.646484375
-2.443359375
-1.556640625
-.603515625
-.00390625
-.9140625
-1.427734375
-.30078125
-3.548828125
-3.109375
-.943359375
-1.103515625
-3.109375
-2.0078125
-.150390625
-3.90234375
-2.61328125
-3.607421875
-.978515625
-3.96875
-3.099609375
-2.880859375
-1.048828125
-1.744140625
-2.3671875
-2.0078125
-4.41015625
-1.693359375
-1.689453125
-.421875
-2.912109375
-3.318359375
-2.388671875
-1.60546875
-3.197265625
-2.171875
-1.779296875
-.80859375
-3.375
-2.189453125
-2.3125
-2.154296875
-4.38671875
-2.736328125
-1.486328125
-2.373046875
-2.69921875
-1.203125
-.232421875
-2.0859375
-.890625
-1.859375
-2.45703125
-2.044921875
-2.796875
-.73046875
-1.69921875
-2.818359375
-1.6328125
-1.7421875
-1.859375
-1.873046875
-1.1328125
-3.591796875
-2.228515625
-.705078125
-.818359375
-2.9921875
-4.7109375
-4.029296875
-1.35546875
-2.162109375
-2.541015625
-1.078125
-3.296875
-.978515625
-3.0859375
-1.8515625
-1.82421875
-1.994140625
-1.1640625
-1.9765625
-2.087890625
-2.130859375
-2.908203125
-2.80859375
-3.04296875
-.732421875
-2.828125
-.681640625
-1.873046875
-3.6640625
-2.279296875
-1.67578125
-1.09375
-1.833984375
-1.66015625
-3.6171875
-4.38671875
-1.888671875
-2.892578125
-2.5859375
-1.556640625
-2.216796875
-.884765625
-.279296875
-.7109375
-.919921875
-1.982421875
-.921875
-4.724609375
-2.890625
-2.1953125
-2.962890625
-.20703125
-2.20703125
-1.53515625
-2.697265625
-1.609375
-4.50390625
-3.9921875
-1.150390625
-2.62109375
-1.625
-1.05859375
-1.580078125
-3.2109375
-1.287109375
-4.544921875
-2.1875
-1.91015625
-2.23046875
-1.14453125
-2.046875
-1.6796875
-2.544921875
.490234375
-1.6328125
-3.947265625
-1.453125
-1.09375
-2.73046875
-.99609375
-2.69921875
-4.435546875
-1.96484375
-1.97265625
-1.5859375
-1.7421875
-1.68359375
-2.150390625
-.970703125
-2.08984375
-3.337890625
-2.67578125
-1.740234375
-1.890625
-1.244140625
-3.970703125
-.896484375
-2.14453125
-1.302734375
-.146484375
-3.119140625
-2.138671875
-4.435546875
-2.318359375
-3.087890625
-1.748046875
.111328125
-2.232421875
-3.4140625
-1.96484375
-.888671875
-1.591796875
-1.619140625
-2.05078125
.25390625
-1.513671875
-1.9609375
-1.2578125
-.779296875
-2.716796875
-.462890625
-.83203125
-3.373046875
-2.591796875
-.318359375
-2.990234375
-.564453125
-1.3515625
-4.28515625
-1.365234375
-.98046875
-1.66796875
-1.625
-1.294921875
-2.021484375
-1.98046875
-2.072265625
-1.861328125
-2.74609375
-2.89453125
-.34765625
-2.515625
-4.25
-.927734375
-1.6171875
-1.6875
-3.111328125
-3.431640625
-.533203125
-.982421875
-1.41015625
-4.10546875
-1.251953125
-1.24609375
-1.4765625
-2.537109375
-1.26953125
.21875
-2.251953125
-2.21484375
-.958984375
-.947265625
-1.759765625
-2.8359375
-3.892578125
-.91796875
-1.154296875
-1.630859375
-.90234375
-2.41015625
-.74609375
-1.1796875
-1.044921875
-.90625
-3.966796875
-1.87890625
-3.62109375
-2.265625
-2.40234375
-2.53515625
-2.54296875
-2.9140625
-.6640625
-3.169921875
-.669921875
.009765625
-1.35546875
-2.625
-2.076171875
-2.380859375
-2.46484375
-3.76171875
-4.548828125
-.77734375
-2.11328125
-1.45703125
-2.876953125
-2.330078125
-2.193359375
-1.330078125
-3.09375
-1.365234375
-3.13671875
-2.962890625
-2.162109375
-3.29296875
-2.255859375
-4.826171875
-.8671875
-.904296875
-2.00390625
-2.306640625
-2.53125
-3.1484375
-1.939453125
-1.224609375
-1.994140625
.857421875
-1.890625
-3.17578125
-1.771484375
-4.416015625
-4.935546875
-2.638671875
-1.8984375
-1.765625
-2.8203125
-1.013671875
-3.681640625
-2.439453125
-4.748046875
-1.759765625
-1.591796875
-2.1875
-3.701171875
-2.576171875
-2.34765625
-.486328125
-3.033203125
-2.783203125
-2.658203125
-.744140625
-1.099609375
-2.5703125
-3.197265625
-1.134765625
-.419921875
.056640625
-1.23828125
-2.830078125
-2.65625
-2.298828125
-3.029296875
-3.220703125
-3.234375
-2.080078125
-1.201171875
-.78515625
-.30859375
-1.83984375
-1.44921875
-4.55078125
-3.84765625
-2.134765625
-4.912109375
-3.775390625
-1.923828125
-.453125
-2.95703125
-.2109375
-3.291015625
-4.185546875
-3.291015625
-4.06640625
-3.32421875
-1.84375
-3.2890625
-3.095703125
-1.408203125
-1.89453125
-2.634765625
-1.60546875
-1.525390625
-1.583984375
-1.142578125
-3.3203125
-1.01171875
-2.072265625
-2.412109375
-1.076171875
-.873046875
-1.126953125
-3.380859375
-3.107421875
-1.833984375
-2.92578125
.380859375
-3.826171875
-1.63671875
-1.609375
-2.234375
-1.880859375
-1.443359375
-3.107421875
.138671875
-2.3515625
-2.748046875
-3.169921875
-3.4140625
-1.681640625
-1.458984375
-.82421875
-1.474609375
-3.904296875
-1.513671875
-2.2265625
-2.2734375
-.59375
-3.54296875
-3.4765625
-3.703125
-2.736328125
-4.66015625
-.568359375
-2.1640625
-2.81640625
-1.96484375
-1.13671875
-2.908203125
-3.361328125
-1.66796875
-4.685546875
.267578125
-.431640625
-1.32421875
-4.876953125
-.4765625
-2.505859375
-.716796875
-3.6796875
-1.9140625
-2.03125
-3.05078125
-2.900390625
-2.736328125
-1.70703125
-3.80859375
-1.634765625
-.97265625
-.15234375
-3.70703125
-1.71875
-3.439453125
-2.216796875
-2.2890625
-.32421875
-1.21875
-2.359375
-2.447265625
-1.978515625
-3.283203125
-2.474609375
-1.6171875
-2.12890625
-1.4296875
-4.611328125
-3.00390625
-4.083984375
-1.71875
-4.267578125
-2.181640625
-1.3203125
-1.0234375
-2.37890625
-1.90234375
-.1796875
-1.029296875
.916015625
-4.044921875
-3.353515625
-6.716796875
-1.49609375
-.662109375
-2.564453125
-2.693359375
-2.611328125
-.958984375
-2.126953125
-2.13671875
-2.37109375
-3.0234375
-4.044921875
-5.056640625
-1.859375
-2.224609375
-2.04296875
-5.666015625
-1.2578125
-2.67578125
-2.740234375
-1.9375
-2.037109375
-3.33984375
-.509765625
-4.3125
-2.171875
-1.08984375
-2.5625
-2.39453125
-2.9453125
-1.234375
-2.65234375
-.00390625
-1.83203125
-2.052734375
-2.6015625
-.8671875
-1.2265625
-2.3203125
-1.666015625
-2.2421875
-3.181640625
.32421875
-1.96484375
-3.466796875
-.177734375
.109375
-2.51171875
-2.42578125
-2.435546875
-.75
-2.171875
-5.8828125
-2.294921875
-1.34375
-2.01171875
-1.880859375
-1.888671875
-1.013671875
-4.060546875
-2.583984375
-1.814453125
-4.58203125
-1.83203125
-1.806640625
-1.8046875
-3.5859375
-1.265625
-1.349609375
-2.5
-2.45703125
-2.49609375
-2.0703125
-1.099609375
-1.384765625
-2.5546875
-2.033203125
-1.69921875
-1.47265625
-3.705078125
-1.2421875
-1.853515625
-.8515625
-1.396484375
-1.625
-3.2265625
-2.794921875
-.25
-2.041015625
-1.396484375
-3.173828125
.916015625
-4.34765625
-1.26171875
-1.859375
-2.833984375
-1.927734375
-.62109375
-2.515625
-.8828125
-1.224609375
-2.640625
.005859375
.52734375
.220703125
.626953125
.30859375
.25390625
.427734375
.16796875
.42578125
.4140625
.640625
.234375
.380859375
.34375
.201171875
.623046875
.390625
.50390625
.259765625
.494140625
.517578125
.330078125
.51171875
.3828125
.33984375
.4609375
.064453125
.49609375
.5390625
.23828125
.234375
.244140625
-.1640625
.19921875
.26171875
.095703125
.025390625
.07421875
.634765625
.38671875
.12890625
.302734375
.43359375
.27734375
.3046875
.673828125
.1640625
.5234375
.630859375
.68359375
.46875
.3515625
.482421875
.365234375
.27734375
.560546875
.359375
.294921875
.509765625
.390625
.27734375
.583984375
.201171875
.330078125
.537109375
.56640625
.26953125
.56640625
.37109375
.470703125
.8046875
.33984375
.19140625
.17578125
.37109375
.25
.431640625
.31640625
.080078125
.419921875
.537109375
.611328125
.455078125
.01953125
.162109375
.2421875
.337890625
.279296875
.52734375
.318359375
.33203125
.23046875
.287109375
.505859375
.53125
.18359375
-.01171875
.162109375
.2109375
.40234375
.318359375
.36328125
.26953125
.24609375
.62109375
.42578125
.3046875
.51171875
.84765625
.244140625
.2734375
.453125
.09375
.560546875
.509765625
.5859375
.064453125
.220703125
.080078125
.48046875
.025390625
.091796875
.716796875
.55859375
-.0234375
.36328125
.134765625
.494140625
.146484375
.453125
.44921875
.169921875
.515625
.236328125
.95703125
.580078125
.1328125
.6875
.3515625
.072265625
.390625
.287109375
.333984375
.30078125
-.0546875
-.4296875
.35546875
.462890625
.0390625
.423828125
.494140625
.42578125
.443359375
.474609375
.439453125
.51953125
.197265625
.501953125
.392578125
.359375
.21484375
.333984375
.318359375
.267578125
.388671875
.49609375
.2578125
.287109375
.318359375
.201171875
-.337890625
.201171875
.11328125
.4296875
.162109375
.494140625
.291015625
.51171875
.53125
.4375
.033203125
.201171875
.453125
.15234375
.1484375
.712890625
.181640625
.26953125
.1328125
-.296875
.52734375
-.033203125
.33984375
.583984375
.248046875
.380859375
.46484375
.3515625
.388671875
.275390625
.56640625
.013671875
.693359375
.08984375
-.28125
.435546875
.31640625
.30859375
-.1484375
.595703125
.44140625
.546875
.36328125
.359375
.19140625
.447265625
.54296875
.12890625
.357421875
.609375
.509765625
.423828125
.404296875
.474609375
.30078125
.47265625
.341796875
.119140625
.615234375
.259765625
.060546875
.41796875
.052734375
.4140625
.083984375
.404296875
.2578125
.568359375
.208984375
.29296875
.62109375
.021484375
.02734375
.42578125
.25
.623046875
.4140625
.427734375
.505859375
0
.3515625
.115234375
.490234375
.359375
.361328125
.318359375
.10546875
.234375
.39453125
.46484375
.388671875
.814453125
.34375
.1953125
.130859375
.2578125
.453125
.59375
.46875
.73046875
.060546875
.25390625
.162109375
.1171875
.193359375
.470703125
.275390625
.24609375
.177734375
.494140625
.41015625
.533203125
-.248046875
.0390625
.5234375
.125
-.056640625
.349609375
.4140625
.208984375
.763671875
.591796875
-.0625
.23828125
.74609375
.29296875
.30078125
.376953125
.365234375
.154296875
.447265625
.24609375
.544921875
-.265625
-.0859375
.755859375
.455078125
-.0546875
.337890625
.37109375
-.177734375
.240234375
.482421875
.30078125
-.021484375
.015625
.4296875
.126953125
.16015625
.04296875
.4921875
.404296875
.0703125
.341796875
.162109375
.111328125
.037109375
.3203125
.505859375
.384765625
.380859375
-.537109375
.466796875
.587890625
.404296875
.58984375
.083984375
.337890625
.310546875
.57421875
.5390625
.501953125
.13671875
.458984375
-.056640625
.28125
.33984375
.677734375
.27734375
.515625
.36328125
.31640625
.2421875
.34375
.501953125
.4375
-.103515625
.349609375
.32421875
.2109375
-.02734375
.296875
.404296875
.177734375
.0234375
.416015625
.091796875
.25390625
.3125
.61328125
.287109375
.607421875
.318359375
.236328125
.388671875
.5703125
.40625
.375
-.05859375
.345703125
-.376953125
.427734375
.21875
.10546875
.01953125
.177734375
.1875
.212890625
.279296875
.2265625
.55859375
-.044921875
.345703125
.302734375
.24609375
.23046875
-.609375
.314453125
.44921875
.53125
-.09765625
.4921875
.216796875
.296875
.3359375
.130859375
.3984375
.451171875
.384765625
.005859375
.58203125
-.212890625
.31640625
-.08984375
.357421875
.5234375
.353515625
.29296875
.166015625
.701171875
.1875
-.400390625
.509765625
.5234375
-.115234375
.2890625
.478515625
.435546875
.060546875
.314453125
.1484375
.77734375
.509765625
.02734375
-.015625
.21484375
.7265625
.04296875
-.12890625
.158203125
.205078125
-.056640625
.142578125
.25390625
.419921875
.419921875
.2265625
.5390625
.408203125
.23046875
.173828125
.388671875
.421875
.267578125
.431640625
.162109375
-.015625
.53515625
.0859375
.396484375
.126953125
-.3203125
.517578125
.181640625
-.001953125
-.20703125
.43359375
.69140625
.408203125
.23046875
.306640625
.0625
.169921875
.291015625
.091796875
-.037109375
.10546875
.255859375
.390625
.115234375
.05078125
.359375
.423828125
.287109375
.21484375
.037109375
.119140625
-.181640625
.76171875
.23828125
.09375
.0859375
.3828125
.078125
.138671875
.556640625
.3125
.498046875
.451171875
.3828125
.453125
.380859375
.45703125
.216796875
.23828125
.505859375
.39453125
.140625
.29296875
.27734375
.458984375
.26171875
.44921875
.3515625
.48828125
.701171875
.673828125
.25
-.7890625
.232421875
.251953125
.21875
.43359375
.130859375
.681640625
.50390625
.455078125
.197265625
.18359375
.185546875
.400390625
.236328125
.390625
.291015625
.171875
.34765625
.16796875
-.142578125
.25
-.177734375
.16796875
.32421875
.365234375
.296875
-.005859375
.2578125
-.029296875
.65234375
.47265625
.17578125
.341796875
.185546875
.423828125
.076171875
.73828125
.037109375
.087890625
.314453125
.41796875
.173828125
.625
.275390625
.1796875
.46484375
.74609375
.236328125
.14453125
.51953125
.458984375
.34765625
.142578125
.462890625
.51171875
.119140625
.2421875
.052734375
-.197265625
.51171875
.12109375
.59765625
.51953125
.36328125
.1640625
.158203125
.31640625
.421875
-.66796875
.15625
.208984375
-.5625
.275390625
.373046875
.244140625
-.27734375
.310546875
.310546875
.353515625
.490234375
.302734375
.681640625
-.330078125
.2109375
.6015625
.65234375
.103515625
.208984375
-.416015625
.140625
.11328125
.177734375
.443359375
.265625
.173828125
.55859375
.3046875
.646484375
.380859375
.28515625
.34375
.400390625
.326171875
.55859375
.341796875
.2890625
.173828125
.541015625
.494140625
.35546875
.14453125
.36328125
.076171875
.16796875
.185546875
.3828125
.1171875
.552734375
.408203125
.52734375
.806640625
.12890625
.1953125
.53125
.283203125
.091796875
-.01171875
-.015625
.404296875
-.072265625
.4453125
.400390625
.009765625
.36328125
.248046875
.373046875
.4140625
.525390625
.439453125
-.021484375
.30078125
.552734375
.603515625
.4453125
.181640625
.689453125
.220703125
.69921875
.43359375
.4140625
.265625
.583984375
.361328125
.3671875
.205078125
.60546875
.466796875
.19921875
.06640625
.619140625
.494140625
.419921875
.05078125
.30859375
.408203125
.37109375
.0234375
.2265625
.349609375
-.08203125
.560546875
.14453125
.234375
.392578125
-.08203125
.720703125
.177734375
.611328125
.458984375
.6328125
.8125
.048828125
-.087890625
.20703125
.197265625
.322265625
.21484375
.40234375
.44921875
.521484375
.03515625
.18359375
.322265625
.34765625
.529296875
.09375
.1796875
.3203125
.056640625
.3828125
.6171875
.5703125
.416015625
.3671875
.376953125
.615234375
.205078125
.30078125
.2265625
.15234375
-.056640625
.435546875
.216796875
.25
.1484375
.30078125
.404296875
.361328125
.046875
.525390625
.396484375
.150390625
.125
-.064453125
.287109375
.20703125
.3671875
.609375
.193359375
.3828125
.541015625
.546875
.115234375
.078125
.1875
.166015625
.51171875
.216796875
.3515625
.255859375
-.052734375
.361328125
.396484375
.216796875
.212890625
.408203125
.38671875
-.015625
.607421875
.390625
.5859375
.1171875
.421875
.056640625
.599609375
.009765625
.619140625
.29296875
.275390625
.23046875
.470703125
.5390625
.576171875
.34375
.10546875
.1796875
.529296875
.25
.388671875
.5078125
.390625
.009765625
.208984375
.166015625
.3125
.28125
.357421875
.193359375
-.068359375
.521484375
.216796875
.0390625
.283203125
.19140625
.31640625
.341796875
-.14453125
.45703125
.318359375
.31640625
.146484375
.388671875
.20703125
.470703125
.203125
.53515625
.08984375
-.181640625
.431640625
.4375
.63671875
.09765625
.07421875
.412109375
.373046875
.279296875
.33203125
.359375
.443359375
.455078125
.138671875
.275390625
.048828125
.525390625
.322265625
.41015625
.28515625
.25390625
.427734375
.279296875
.189453125
.203125
-.076171875
.177734375
-.04296875
.37890625
.603515625
.578125
.611328125
.58984375
.33203125
.576171875
.349609375
.634765625
.181640625
.30859375
.244140625
-.072265625
.423828125
.306640625
.431640625
.603515625
.38671875
.482421875
.333984375
.189453125
.240234375
.349609375
.12109375
.24609375
.107421875
.580078125
.173828125
.220703125
.419921875
.21875
.537109375
.52734375
.15234375
.5
.060546875
.3671875
-.1015625
.232421875
.298828125
.392578125
.076171875
.462890625
.142578125
.42578125
.43359375
-.259765625
.603515625
.498046875
.361328125
.212890625
.412109375
.1875
.14453125
.525390625
.150390625
.384765625
.494140625
.5625
.634765625
-.06640625
.4453125
-.107421875
.498046875
.376953125
.279296875
.248046875
-.287109375
.0546875
.40625
.296875
.0859375
.01953125
.419921875
.158203125
.025390625
.35546875
.474609375
.212890625
.064453125
.359375
.412109375
.296875
.103515625
.23046875
.4453125
.38671875
.359375
.208984375
.583984375
.28125
.02734375
.244140625
.044921875
.453125
.45703125
.109375
.5234375
.3984375
.3359375
.53125
.330078125
.82421875
-.10546875
.345703125
.27734375
.46484375
.091796875
.228515625
.6171875
.255859375
.486328125
.3984375
.197265625
.39453125
.166015625
.486328125
.474609375
.01953125
.4765625
.392578125
.12109375
.154296875
.58984375
-.193359375
.451171875
-.080078125
-.037109375
.2578125
.25390625
.232421875
-.01171875
.453125
.1953125
.162109375
.29296875
.103515625
.36328125
.353515625
.251953125
.361328125
.353515625
.5546875
.0625
.322265625
.501953125
.013671875
.166015625
.361328125
.373046875
.712890625
.328125
.84765625
.59375
-.337890625
-.53125
.24609375
.27734375
.341796875
.43359375
.58984375
.212890625
.431640625
.458984375
.056640625
.58984375
.189453125
.626953125
.16796875
.607421875
.453125
.494140625
.5703125
.181640625
.24609375
.080078125
.29296875
.4453125
.328125
.69921875
.2734375
.26171875
0
.001953125
-.00390625
.1015625
-.19140625
-.009765625
-.001953125
.01171875
0
.0078125
-.021484375
.017578125
-.005859375
.01953125
-.0078125
-.0078125
-.00390625
-.009765625
-.01171875
.037109375
.005859375
-.005859375
-.01171875
-.01953125
-.00390625
-.009765625
-.00390625
-.123046875
-.013671875
-.28515625
-.0078125
-.005859375
.001953125
-.001953125
-.00390625
-.009765625
.00390625
-.005859375
.021484375
-.015625
-.005859375
.001953125
-.015625
-.005859375
.046875
.00390625
-.0078125
-.00390625
-.015625
.00390625
.001953125
-.01171875
-.05078125
-.037109375
-.26171875
-.009765625
-.005859375
-.005859375
-.00390625
-.001953125
-.005859375
-.001953125
.009765625
.0078125
-.017578125
-.00390625
.005859375
-.009765625
-.0078125
.05078125
0
-.009765625
-.005859375
-.00390625
-.001953125
-.001953125
-.001953125
-.041015625
-.00390625
-.203125
0
-.005859375
-.00390625
.00390625
-.005859375
-.005859375
.001953125
.001953125
0
-.009765625
.009765625
.00390625
-.0078125
-.005859375
.013671875
-.00390625
-.0078125
.001953125
0
.001953125
-.0078125
-.005859375
-.052734375
.037109375
-.19921875
.001953125
.001953125
-.01171875
.0078125
-.009765625
-.005859375
0
.0078125
-.001953125
-.009765625
.00390625
.001953125
-.00390625
-.01171875
.01953125
-.0078125
-.009765625
.001953125
-.001953125
.00390625
